SSIM:
                  lambda                                             naive
                      1         3         5         7         9          
window-size 1  0.126744  0.196374  0.260243  0.282995   0.29236  0.070535
            3  0.321432   0.34184  0.349015  0.355526  0.356385  0.052891
            5  0.358425  0.351604  0.391586  0.397802   0.40308  0.156168
            7       NaN       NaN       NaN       NaN       NaN  0.252292
            9       NaN       NaN       NaN       NaN       NaN  0.310344

MSE:
                  lambda                                             naive
                      1         3         5         7         9          
window-size 1   0.20166  0.181551  0.179533  0.179076   0.17888   0.11836
            3  0.182481  0.179001  0.178708  0.178397  0.177937  0.148755
            5  0.181055  0.179266   0.17859  0.178055  0.177493  0.159155
            7       NaN       NaN       NaN       NaN       NaN   0.16342
            9       NaN       NaN       NaN       NaN       NaN  0.165386

NCC:
                  lambda                                             naive
                      1         3         5         7         9          
window-size 1  0.315226  0.479758  0.503303  0.509904   0.51283 -0.025281
            3  0.473543  0.509457  0.512419  0.510233  0.505682  0.034472
            5  0.483522  0.501493  0.502516  0.496876  0.491085  0.083298
            7       NaN       NaN       NaN       NaN       NaN  0.132454
            9       NaN       NaN       NaN       NaN       NaN  0.171815

